Global Surface Air Temperature Anomaly (C) (Base: 1951-1980)
------------------------------------------------------------
 Year  Annual_Mean 5-year_Mean
--------------------------------
 1880     -0.49         *
 1881     -0.47         *
 1882     -0.38     -0.48
 1883     -0.39     -0.48
 1884     -0.67     -0.52
 1885     -0.51     -0.58
 1886     -0.65     -0.60
 1887     -0.70     -0.51
 1888     -0.48     -0.52
 1889     -0.21     -0.51
 1890     -0.57     -0.47
 1891     -0.59     -0.49
 1892     -0.50     -0.53
 1893     -0.55     -0.49
 1894     -0.43     -0.43
 1895     -0.35     -0.38
 1896     -0.32     -0.34
 1897     -0.23     -0.32
 1898     -0.38     -0.28
 1899     -0.30     -0.24
 1900     -0.15     -0.27
 1901     -0.15     -0.28
 1902     -0.35     -0.32
 1903     -0.43     -0.36
 1904     -0.54     -0.39
 1905     -0.36     -0.42
 1906     -0.25     -0.42
 1907     -0.54     -0.39
 1908     -0.40     -0.39
 1909     -0.42     -0.42
 1910     -0.35     -0.38
 1911     -0.37     -0.36
 1912     -0.34     -0.29
 1913     -0.33     -0.24
 1914     -0.09     -0.23
 1915     -0.07     -0.26
 1916     -0.31     -0.28
 1917     -0.52     -0.31
 1918     -0.43     -0.35
 1919     -0.20     -0.32
 1920     -0.28     -0.27
 1921     -0.18     -0.24
 1922     -0.25     -0.25
 1923     -0.28     -0.24
 1924     -0.24     -0.22
 1925     -0.26     -0.20
 1926     -0.05     -0.17
 1927     -0.18     -0.19
 1928     -0.12     -0.17
 1929     -0.34     -0.18
 1930     -0.15     -0.16
 1931     -0.09     -0.19
 1932     -0.11     -0.14
 1933     -0.24     -0.15
 1934     -0.09     -0.15
 1935     -0.22     -0.13
 1936     -0.09     -0.06
 1937      0.01     -0.07
 1938      0.07     -0.01
 1939     -0.11      0.01
 1940      0.07      0.02
 1941      0.03      0.01
 1942      0.05      0.04
 1943     -0.01      0.01
 1944      0.04     -0.01
 1945     -0.08     -0.01
 1946     -0.07     -0.03
 1947      0.05     -0.07
 1948     -0.09     -0.10
 1949     -0.14     -0.10
 1950     -0.23     -0.12
 1951     -0.09     -0.09
 1952     -0.03     -0.09
 1953      0.06     -0.06
 1954     -0.14     -0.09
 1955     -0.11     -0.08
 1956     -0.22     -0.08
 1957      0.03     -0.04
 1958      0.06     -0.02
 1959      0.05      0.04
 1960     -0.02      0.04
 1961      0.08      0.03
 1962      0.02     -0.03
 1963      0.01     -0.06
 1964     -0.26     -0.09
 1965     -0.17     -0.10
 1966     -0.07     -0.12
 1967     -0.02     -0.07
 1968     -0.10     -0.02
 1969      0.00     -0.02
 1970      0.07     -0.02
 1971     -0.07      0.04
 1972     -0.03      0.03
 1973      0.22      0.02
 1974     -0.04      0.00
 1975      0.02      0.05
 1976     -0.17      0.03
 1977      0.22      0.08
 1978      0.14      0.15
 1979      0.20      0.27
 1980      0.35      0.25
 1981      0.44      0.30
 1982      0.14      0.31
 1983      0.39      0.28
 1984      0.21      0.24
 1985      0.20      0.29
 1986      0.25      0.31
 1987      0.40      0.35
 1988      0.50      0.41
 1989      0.38      0.46
 1990      0.52      0.43
 1991      0.52      0.38
 1992      0.23      0.38
 1993      0.27      0.39
 1994      0.38      0.39
 1995      0.57      0.45
 1996      0.48      0.56
 1997      0.55      0.61
 1998      0.84      0.61
 1999      0.61      0.65
 2000      0.58      0.71
 2001      0.69      0.70
 2002      0.81      0.72
 2003      0.79      0.78
 2004      0.70      0.80
 2005      0.89      0.81
 2006      0.80      0.79
 2007      0.88      0.81
 2008      0.67      0.82
 2009      0.81      0.82
 2010      0.95      0.81
 2011      0.81      0.84
 2012      0.80      0.86
 2013      0.84      0.87
 2014      0.90         *
 2015      1.01         *
 2016         *         *

------------------------------------

Source: http://data.giss.nasa.gov/gistemp/graphs_v3/Fig.A.txt
